2922034056893300010255001000847135122302215 2
2922034056893300010255001000849175116727299 8
3122020447699600016755001000212559107766752 4
3122020447699600016755001000212560134697390 5
3122022234383400013255001000323215127977596 0
3122023069888200017155001000012181142888182 2
3122030964356900014055001000008328100579518 0
3122032077056600932855000000200203102659601 3
3122032077056600932855000000201410181048644 7
3122032234383400013255001000324327149394284 2
3122033069888200017155001000012367179510513 9